11100010 00000001 00000000 00000000
11100011 10000000 10100000 01001100
11100011 10000000 00100000 00101000
11100011 10000000 01010000 00100010
11100000 10010010 01010000 00000101
00010010 01000101 01010000 00001010
11100101 10001010 01010000 00000000
11100010 10001010 10100000 00000100
00011011 00000000 00000000 00000110
11100101 10001010 00100000 00000000
11100010 10001010 10100000 00000100
11100010 10000000 00000000 00000100
11101000 10111010 00000000 00100100
11100101 10001010 00000000 00000000
11101010 11111111 11111111 11111111
11100010 01000010 00100000 00001000
11100001 10100000 11110000 00001110
11100010 01000010 00100000 00000001
11100010 00000000 00000000 00000000
